4.149214006738534133e-01
4.149214006738534133e-01
4.149214006738534133e-01
4.149214006738534133e-01
4.149214006738534133e-01
4.149214006738534133e-01
4.149214006738534133e-01
4.149214006738534133e-01
4.149214006738534133e-01
4.149214006738534133e-01
4.149214006738534133e-01
4.149214006738534133e-01
4.149214006738534133e-01
4.149214006738534133e-01
4.149214006738534133e-01
4.149214006738534133e-01
4.149214006738534133e-01
4.149214006738534133e-01
4.149214006738534133e-01
4.149214006738534133e-01
4.149214006738534133e-01
4.149214006738534133e-01
4.149214006738534133e-01
4.149214006738534133e-01
4.149214006738534133e-01
4.149214006738534133e-01
4.149214006738534133e-01
4.149214006738534133e-01
4.149214006738534133e-01
4.149214006738534133e-01
4.149214006738534133e-01
4.149214006738534133e-01
4.149214006738534133e-01
4.149214006738534133e-01
4.149214006738534133e-01
4.149214006738534133e-01
4.149214006738534133e-01
4.149214006738534133e-01
4.149214006738534133e-01
4.149214006738534133e-01
4.149214006738534133e-01
4.149214006738534133e-01
4.149214006738534133e-01
4.149214006738534133e-01
4.149214006738534133e-01
4.149214006738534133e-01
4.149214006738534133e-01
4.149214006738534133e-01
4.149214006738534133e-01
4.149214006738534133e-01
4.149214006738534133e-01
4.149214006738534133e-01
4.149214006738534133e-01
4.149214006738534133e-01
4.149214006738534133e-01
4.149214006738534133e-01
4.149214006738534133e-01
4.149214006738534133e-01
4.149214006738534133e-01
4.149214006738534133e-01
4.149214006738534133e-01
4.149214006738534133e-01
4.149214006738534133e-01
4.149214006738534133e-01
4.149214006738534133e-01
4.149214006738534133e-01
4.149214006738534133e-01
4.149214006738534133e-01
4.149214006738534133e-01
4.149214006738534133e-01
4.149214006738534133e-01
4.149214006738534133e-01
4.149214006738534133e-01
4.149214006738534133e-01
4.149214006738534133e-01
4.149214006738534133e-01
4.149214006738534133e-01
4.149214006738534133e-01
4.149214006738534133e-01
4.149214006738534133e-01
4.149214006738534133e-01
4.149214006738534133e-01
4.149214006738534133e-01
4.149214006738534133e-01
4.149214006738534133e-01
4.149214006738534133e-01
4.149214006738534133e-01
4.149214006738534133e-01
4.149214006738534133e-01
4.149214006738534133e-01
4.149214006738534133e-01
4.149214006738534133e-01
4.149214006738534133e-01
4.149214006738534133e-01
4.149214006738534133e-01
4.149214006738534133e-01
4.149214006738534133e-01
4.149214006738534133e-01
4.149214006738534133e-01
4.149214006738534133e-01
4.149214006738534133e-01
4.149214006738534133e-01
4.149214006738534133e-01
4.149214006738534133e-01
4.149214006738534133e-01
4.149214006738534133e-01
4.149214006738534133e-01
4.149214006738534133e-01
4.149214006738534133e-01
4.149214006738534133e-01
4.149214006738534133e-01
4.149214006738534133e-01
4.149214006738534133e-01
4.149214006738534133e-01
4.149214006738534133e-01
4.149214006738534133e-01
4.149214006738534133e-01
4.149214006738534133e-01
4.149214006738534133e-01
4.149214006738534133e-01
4.149214006738534133e-01
4.149214006738534133e-01
4.149214006738534133e-01
4.149214006738534133e-01
4.149214006738534133e-01
4.149214006738534133e-01
4.149214006738534133e-01
4.149214006738534133e-01
4.149214006738534133e-01
4.149214006738534133e-01
4.149214006738534133e-01
4.149214006738534133e-01
4.149214006738534133e-01
4.149214006738534133e-01
4.149214006738534133e-01
4.149214006738534133e-01
4.149214006738534133e-01
4.149214006738534133e-01
4.149214006738534133e-01
4.149214006738534133e-01
4.149214006738534133e-01
4.149214006738534133e-01
4.149214006738534133e-01
4.149214006738534133e-01
4.149214006738534133e-01
4.149214006738534133e-01
4.149214006738534133e-01
4.149214006738534133e-01
4.149214006738534133e-01
4.149214006738534133e-01
4.149214006738534133e-01
4.149214006738534133e-01
4.149214006738534133e-01
4.149214006738534133e-01
4.149214006738534133e-01
4.149214006738534133e-01
4.149214006738534133e-01
4.149214006738534133e-01
4.149214006738534133e-01
4.149214006738534133e-01
4.149214006738534133e-01
4.149214006738534133e-01
3.917608191890298297e-01
3.940722003850142263e-01
3.967162717019669382e-01
3.969937880293385457e-01
4.016937110182003390e-01
4.027594802380997652e-01
4.081721150848229840e-01
4.117584534946399089e-01
4.121143591991067723e-01
4.134185825026250316e-01
4.147431716970736981e-01
4.142540639803741209e-01
4.149027161531101404e-01
4.130612485371921716e-01
4.149001438703082689e-01
4.148933960414776800e-01
4.136988053038996860e-01
4.112495993025203633e-01
4.102758055542832238e-01
4.106471265746575727e-01
4.081452616332869043e-01
4.055016833762327688e-01
4.064907604253222284e-01
4.080119649063798093e-01
4.067246631284012759e-01
4.067028571826846739e-01
4.075102747202073994e-01
4.084717602371420453e-01
4.079592371547690055e-01
4.089722692621508560e-01
4.104092130340970535e-01
4.129335555112595979e-01
4.147608301487924476e-01
4.159618309410738624e-01
4.169483536992289463e-01
4.148401829960509102e-01
4.125738303965502674e-01
4.122306448731095641e-01
4.122369410717922622e-01
4.130456906245419946e-01
4.139349909263441707e-01
4.159145458361474534e-01
4.189049387061052343e-01
4.243331975707442250e-01
4.238432510940448594e-01
4.269275781653995017e-01
4.270585518749897558e-01
4.261761731226016425e-01
4.255321985853141586e-01
4.270086167579389413e-01
4.237458525759564831e-01
4.238438328990422610e-01
4.212457281293913169e-01
4.210540409362860115e-01
4.217455655189000785e-01
4.241493823431868870e-01
4.268660140353447430e-01
4.285844673923525083e-01
4.283093902872495695e-01
4.294723210857475659e-01
4.291841804683415029e-01
4.285040872481667984e-01
4.273876837807970008e-01
4.271691882088446413e-01
4.225138659492800874e-01
4.215395913097984559e-01
4.188875170658058478e-01
4.175257186817978861e-01
4.146985357818752105e-01
4.138112165332213377e-01
4.129044354313406440e-01
4.114452332238293097e-01
4.110604753732241545e-01
4.127097095706392937e-01
4.107984578411064680e-01
4.116753209625206855e-01
4.110716247264193379e-01
4.115056549332048452e-01
4.118797761509262467e-01
4.130491193831986041e-01
4.155432826191510221e-01
4.153222181564423243e-01
4.137634911465634113e-01
4.128239263682917937e-01
4.135865658172931392e-01
4.137475458651030946e-01
4.123533013928361024e-01
4.119103074462033831e-01
4.143477941880099880e-01
4.155966139484909005e-01
4.168282815716365941e-01
4.169286440411060779e-01
4.175247219633880791e-01
4.169567556287889221e-01
4.182208576400128774e-01
4.181241686798156110e-01
4.180624449622122318e-01
4.153407855118585457e-01
4.140707481927429212e-01
4.105979185971631584e-01
4.088952679394949330e-01
4.064110533675029946e-01
4.038532501880119918e-01
4.005320446629525577e-01
4.002932091274518100e-01
3.983928356673596682e-01
3.990615167211056802e-01
3.996582154027329969e-01
4.024571962162080685e-01
4.035607584871143128e-01
4.064369392245196222e-01
4.113565460684427966e-01
4.133431315102834569e-01
4.155959120616167790e-01
4.149631636196171591e-01
4.143075494406680548e-01
4.139547264196591358e-01
4.161518238766534483e-01
4.158680170550336230e-01
4.162029334628206678e-01
4.176354140021530936e-01
4.188203504404269806e-01
4.227760761584217208e-01
4.238260938167419667e-01
4.255463872695887662e-01
4.290125276153172185e-01
4.291336016931562303e-01
4.285639822545654343e-01
4.299629338855192051e-01
4.295111866693400171e-01
4.292147483156331100e-01
4.301278739939878304e-01
4.307213115752830390e-01
4.302532196219240879e-01
4.329622792616502625e-01
4.337937797644442206e-01
4.358903427594870150e-01
4.372373486403229315e-01
4.398880495859720519e-01
4.411084146608398315e-01
4.439419581796270053e-01
4.454113217117605106e-01
4.489007139629639376e-01
4.500828555385118501e-01
4.523877538292603306e-01
4.564982083265478607e-01
4.602898846091714735e-01
4.627643346758441578e-01
4.632043620684663243e-01
4.630267226729515295e-01
4.630471313595289073e-01
4.644162454547394181e-01
4.636806334640802829e-01
4.653818540168782047e-01
4.652525116761074275e-01
4.675947445799454316e-01
4.707785737291058092e-01
4.766862067291149918e-01
4.792734436319340818e-01
4.856485796168542035e-01
4.920123391210332597e-01
4.982374679370826231e-01
5.037974090719037346e-01
5.063471533860047780e-01
5.065813695443057707e-01
5.070671278124895265e-01
5.058621578041756495e-01
5.050161002396629240e-01
5.040319457372351986e-01
5.025361427938557224e-01
5.010476632674771835e-01
4.983458262340675349e-01
4.985335988983820021e-01
4.994727159272587258e-01
5.049894025494914285e-01
5.060348310768130187e-01
5.101931890193786012e-01
5.111649195900475062e-01
5.147953446662840715e-01
5.168376989581586756e-01
5.209026168207296914e-01
5.214181302305838095e-01
5.213487894715072013e-01
5.211413567278788683e-01
5.240104297337959682e-01
5.249579405689693834e-01
5.275805090579944734e-01
5.276685233233391337e-01
5.308601848366408804e-01
5.337144613732637266e-01
5.386524935286238769e-01
5.424433400349415457e-01
5.454689200796428716e-01
5.476516828889804733e-01
5.479964664721412859e-01
5.488582610253953664e-01
5.523688729747157078e-01
5.545587112389540607e-01
5.576553418653162897e-01
5.611041734511686974e-01
5.647512825070959419e-01
5.685100225717585332e-01
5.720593126735844525e-01
5.763769964144147551e-01
5.775970168890859346e-01
5.795181597181764399e-01
5.826119561518862122e-01
5.861730441283701243e-01
5.891665263228132998e-01
5.938414680044200589e-01
5.996774503194436390e-01
6.065707014654899698e-01
6.151263982409781450e-01
6.221150780387378898e-01
6.284348720178479786e-01
6.333262283171950946e-01
6.384014854318650345e-01
6.407186497310611850e-01
6.469264152534903722e-01
6.476283174689458910e-01
6.483229696890177030e-01
6.496993333042275776e-01
6.537382515667290450e-01
6.606344306928028098e-01
6.670984435503335419e-01
6.731434269308035345e-01
6.805009250014671940e-01
6.884019070789557659e-01
6.954811295450507025e-01
7.018428935835446802e-01
7.094052258746519346e-01
7.151300719084359159e-01
7.238043500890471993e-01
7.291471596878741357e-01
7.324788496246040781e-01
7.361843814199163782e-01
7.387390616106379593e-01
7.459786816986481162e-01
7.525364777432829166e-01
7.599881319302534965e-01
7.670907831351712058e-01
7.767121618682277795e-01
7.838420091788893540e-01
7.905987308832098659e-01
7.964373292976690832e-01
7.999588930898549055e-01
8.053629338502485968e-01
8.144693231256798782e-01
8.172560966379169844e-01
8.227604551622149653e-01
8.242884002073008753e-01
8.286740828333011288e-01
8.356932180992165948e-01
8.434642926897495396e-01
8.501101477617239999e-01
8.566506431469959049e-01
8.605313653954302922e-01
8.667866632666170190e-01
8.702802640941611489e-01
8.726873734562626828e-01
8.751959214426309197e-01
8.809763073592430382e-01
8.836536141452073778e-01
8.866892278881760570e-01
8.914514298107860668e-01
8.935450642072314542e-01
8.960261431122736875e-01
9.019796682968834745e-01
9.048191562638534524e-01
9.101399310289519651e-01
9.164139321581197262e-01
9.173588795779933358e-01
9.171243296299111947e-01
9.182313030497673001e-01
9.197015336204671376e-01
9.191180781567620528e-01
9.237953339012925369e-01
9.268178381042652125e-01
9.296606860318531451e-01
9.343557446581396420e-01
9.391738637212905250e-01
9.446325057920113011e-01
9.462761317222815327e-01
9.462719887440733668e-01
9.474342954724681576e-01
9.505587042344014748e-01
9.547805456682674219e-01
9.588144639631307475e-01
9.591966271798287869e-01
9.618459531513640082e-01
9.624555045758300675e-01
9.653885565971972449e-01
9.653335270143132973e-01
9.663385162387569949e-01
9.662553009124563719e-01
9.698484486295108065e-01
9.725404862495403702e-01
9.701456546117750435e-01
9.683551564228679576e-01
9.668792149482822174e-01
9.635288809083709660e-01
9.603497215200160753e-01
9.592187440211477067e-01
9.586813972387664418e-01
9.576696940321181017e-01
9.580310726449698944e-01
9.588506115488591997e-01
9.548765347367895728e-01
9.552446234984737217e-01
9.544436688032600369e-01
9.553759705722454365e-01
9.555611829541643676e-01
9.531249383877540282e-01
9.501352581884130455e-01
9.488030576289080420e-01
9.459156811968458811e-01
9.415225260254231898e-01
9.395280098147974490e-01
9.372904615772219561e-01
9.377512271953996059e-01
9.359408634023431706e-01
9.326151851954929128e-01
9.322657467080806004e-01
9.300444414685118399e-01
9.289274519173661426e-01
9.272505053907735828e-01
9.233454262946561020e-01
9.165876459946014077e-01
9.142161454509156737e-01
9.086156482621818853e-01
9.001431494133000921e-01
8.941428056274777214e-01
8.907710657243754770e-01
8.871253684758786395e-01
8.798985842254459788e-01
8.758981303960347020e-01
8.658613043660947639e-01
8.578922292523728510e-01
8.488970913886996206e-01
8.379719469934524545e-01
8.284421558280424813e-01
8.149496151542591216e-01
8.032562207933537923e-01
7.928631367623646398e-01
7.826949539702838798e-01
7.720764951159266865e-01
7.581331689174989341e-01
7.446986014832331913e-01
7.335805979516065722e-01
7.219349694421468566e-01
7.106071436318812662e-01
6.985756188898204488e-01
6.881425559017240179e-01
6.756844149971608093e-01
6.656871674446398490e-01
6.527403410964324193e-01
6.398971534614276147e-01
6.282417197490177685e-01
6.158804226552690997e-01
6.033698598483637765e-01
5.902561529865404388e-01
5.780056566319828892e-01
5.651820930407607246e-01
5.527708285911655528e-01
5.399279696373009418e-01
5.281349258234036004e-01
5.124498808162952779e-01
5.008728604469263601e-01
4.882267235049920773e-01
4.734399233074427782e-01
4.656555368259798766e-01
4.500867638630552392e-01
4.345179909001306018e-01
4.189492179372059644e-01
4.033804449742813825e-01
3.878116720113566340e-01
3.722428990484319966e-01
3.566741260855073592e-01
3.411053531225826663e-01
3.255365801596580844e-01
3.099678071967335025e-01
2.943990342338088650e-01
2.788302612708842831e-01
2.632614883079595347e-01
2.476927153450348695e-01
2.321239423821102599e-01
2.165551694191855669e-01
2.009863964562609573e-01
1.854176234933362921e-01
1.698488505304116547e-01
1.542800775674870173e-01
1.387113046045623244e-01
1.231425316416377286e-01
1.075737586787130357e-01
9.200498571578841212e-02
7.643621275286378858e-02
6.086743978993909565e-02
4.529866682701448599e-02
2.972989386408986245e-02
1.416112090116520596e-02
